-2.001118785537248
-1.250982330801922
-1.250982330801922
-0.9190254116259988
-0.9190254116259988
-0.9190254116259988
-0.9190254116259988
-0.9190254116259988
-0.9190254116259988
-0.9190254116259988
-0.9190254116259988
-0.4090551293426057
-0.4090551293426057
-0.4090551293426057
0.002604839527440389
0.002604839527440389
0.002604839527440389
0.002604839527440389
0.002604839527440389
0.002604839527440389
0.002604839527440389
0.002713133837015754
0.002713133837015754
0.002713133837015754
0.002713133837015754
0.002713133837015754
0.002758349175948985
0.002758349175948985
0.002758349175948985
0.002758349175948985
0.002758349175948985
0.002758349175948985
0.002758349175948985
0.0033207228265374217
0.0033207228265374217
0.003389140932263018
0.004101977409562047
0.004101977409562047
0.009023170472013925
0.009023170472013925
0.009396250564424662
0.009396250564424662
0.009396250564424662
0.009396250564424662
0.009396250564424662
0.009396250564424662
0.009396250564424662
0.017859949497098834
0.017859949497098834
0.017859949497098834
0.017859949497098834
0.017859949497098834
0.017859949497098834
0.017859949497098834
0.017859949497098834
0.017859949497098834
0.018944746305083058
0.018944746305083058
0.019003826956758202
0.019003826956758202
0.019003826956758202
0.019003826956758202
0.019003826956758202
0.019003826956758202
0.019003826956758202
0.019003826956758202
0.019003826956758202
0.019003826956758202
0.019003826956758202
0.019003826956758202
0.4446860154567971
0.4446860154567971
0.6676186469723313
0.6794488558299768
0.6794488558299768
0.6794488558299768
0.6794488558299768
0.6794488558299768
0.6794488558299768
0.6794488558299768
0.6794488558299768
0.6794488558299768
0.6794488558299768
0.6794488558299768
0.6794488558299768
0.6794488558299768
0.6794488558299768
0.6794488558299768
0.6794488558299768
0.6794488558299768
0.6794488558299768
0.6794488558299768
0.6794488558299768
0.6794488558299768
0.6794488558299768
0.6794488558299768
0.7534245301385606
0.7534245301385606
0.7534245301385606
0.7534245301385606
0.7534245301385606
