-1.8672321082612462
-0.8834013093916394
-0.6904428780925443
-0.6293456410789849
-0.6293456410789849
-0.17304640488508002
-0.17304640488508002
-0.17304640488508002
-0.17304640488508002
-0.17304640488508002
-0.17304640488508002
-0.17304640488508002
-0.12299839229516991
-0.12299839229516991
-0.12299839229516991
-0.12299839229516991
-0.12299839229516991
0.008050422110782511
0.008050422110782511
0.008050422110782511
0.008050422110782511
0.008050422110782511
0.008455630584503541
0.008455630584503541
0.008455630584503541
0.008455630584503541
0.008455630584503541
0.008455630584503541
0.00941655981777795
0.00941655981777795
0.00941655981777795
0.00941655981777795
0.009618192625603449
0.009618192625603449
0.009618192625603449
0.009618192625603449
0.010007402603393112
0.010007402603393112
0.010087874408823527
0.011079300933869635
0.011079300933869635
0.011079300933869635
0.011079300933869635
0.011079300933869635
0.013419862625685154
0.01699343806920139
0.01699343806920139
0.01699343806920139
0.01699343806920139
0.08706713521917521
0.09838652508204437
0.09838652508204437
0.09838652508204437
0.09838652508204437
0.09838652508204437
0.09838652508204437
0.09927168077819601
0.10555708188454842
0.10555708188454842
0.10555708188454842
0.10555708188454842
0.10555708188454842
0.10555708188454842
0.10694175171832378
0.10694175171832378
0.10694175171832378
0.10742938691439274
0.107501717886676
0.12921501824917345
0.12921501824917345
0.12921501824917345
0.12921501824917345
0.12921501824917345
0.12921501824917345
0.12921501824917345
0.12921501824917345
0.1665212406037711
0.1665212406037711
0.1665212406037711
0.19259791509511617
0.19259791509511617
0.19265313086947147
0.22142879089373144
0.24636938726172833
0.24741917259858529
0.24741917259858529
0.24741917259858529
0.24741917259858529
0.2868568979132883
0.2868568979132883
0.2868568979132883
0.2868568979132883
0.2868568979132883
0.28716213649640726
0.28716213649640726
0.28716213649640726
0.28716213649640726
0.30837902363626696
0.30837902363626696
0.36639311021714904
0.36639311021714904
