-1.8050114239403725
-1.8050114239403725
-1.4516059868814868
-1.4516059868814868
-0.8785884623700421
-0.8785884623700421
-0.8785884623700421
-0.8785884623700421
-0.2523023882322467
-0.08933971598610814
-0.07600724651807188
-0.07600724651807188
-0.07600724651807188
-0.07600724651807188
-0.07600724651807188
-0.07600724651807188
0.042619014239324654
0.054274895325301886
0.069965706056563
0.069965706056563
0.069965706056563
0.069965706056563
0.069965706056563
0.069965706056563
0.07169006992951746
0.07169006992951746
0.07169006992951746
0.07169006992951746
0.0798511041967524
0.0798511041967524
0.0798511041967524
0.14932249844860848
0.14932249844860848
0.14932249844860848
0.14932249844860848
0.2976190242165013
0.30355148914657226
0.30355148914657226
0.30355148914657226
0.30355148914657226
0.30355148914657226
0.30355148914657226
0.30355148914657226
0.30355148914657226
0.30355148914657226
0.30355148914657226
0.30355148914657226
0.30355148914657226
0.30355148914657226
0.30355148914657226
0.30355148914657226
0.30355148914657226
0.30355148914657226
0.30355148914657226
0.30355148914657226
0.30355148914657226
0.30355148914657226
0.30355148914657226
0.30355148914657226
0.30355148914657226
0.30355148914657226
0.30355148914657226
0.30355148914657226
0.30355148914657226
0.30355148914657226
0.30355148914657226
0.30355148914657226
0.30355148914657226
0.30355148914657226
0.30355148914657226
0.30355148914657226
0.30355148914657226
0.30355148914657226
0.30355148914657226
0.30355148914657226
0.30355148914657226
0.30356002041469454
0.30356002041469454
0.30356002041469454
0.30356002041469454
0.30356002041469454
0.30356002041469454
0.30356002041469454
0.30356002041469454
0.30356002041469454
0.30356002041469454
0.30356002041469454
0.30356002041469454
0.30356002041469454
0.30356002041469454
0.30356002041469454
0.30356002041469454
0.3095247171116208
0.3095247171116208
0.3095247171116208
0.3095247171116208
0.3095247171116208
0.3095247171116208
0.3095247171116208
0.3095247171116208
0.3095247171116208
