-1.8308323278908503
-1.6688814753438657
-1.6688814753438657
-1.6688814753438657
-1.4861448495917882
-0.8179326041365393
-0.8179326041365393
-0.8179326041365393
-0.8179326041365393
-0.8179326041365393
-0.8179326041365393
-0.8179326041365393
-0.8179326041365393
-0.8179326041365393
-0.8179326041365393
-0.8179326041365393
-0.8179326041365393
-0.8179326041365393
-0.8179326041365393
-0.8179326041365393
-0.8179326041365393
-0.8179326041365393
-0.8179326041365393
-0.8179326041365393
-0.8179326041365393
0.22585271655009034
0.22585271655009034
0.22652771915173106
0.22652771915173106
0.22652771915173106
0.22652771915173106
0.22652771915173106
0.22652771915173106
0.22652771915173106
0.22652771915173106
0.22652771915173106
0.22858315323564032
0.22858315323564032
0.22858315323564032
0.22858315323564032
0.24168837565225687
0.24168837565225687
0.24168837565225687
0.24168837565225687
0.24168837565225687
0.24168837565225687
0.24168837565225687
0.24168837565225687
0.24168837565225687
0.24168837565225687
0.24168837565225687
0.24168837565225687
0.24168837565225687
0.24168837565225687
0.24168837565225687
0.24168837565225687
0.24168837565225687
0.24168837565225687
0.24168837565225687
0.24168837565225687
0.24168837565225687
0.24168837565225687
0.24168837565225687
0.24730152937270997
0.24730152937270997
0.24730152937270997
0.24821741702303238
0.24821741702303238
0.24821741702303238
0.24821741702303238
0.24821741702303238
0.24821741702303238
0.24838884557285415
0.24838884557285415
0.2497555170678621
0.24986345550596978
0.24986345550596978
0.24986345550596978
0.24986345550596978
0.24986345550596978
0.24986345550596978
0.24986345550596978
0.24986345550596978
0.24986345550596978
0.2504065136831737
0.2504065136831737
0.2504065136831737
0.2504065136831737
0.2504065136831737
0.2504065136831737
0.2512646776928501
0.2512646776928501
0.2512646776928501
0.2512646776928501
0.3381216238031372
0.3381216238031372
0.35794632789808833
0.35794632789808833
0.35794632789808833
0.3590217594674298
0.36292102440369295
