-1.2170917721866061
-0.6729392056088
-0.6729392056088
-0.6729392056088
-0.6729392056088
-0.6729392056088
-0.03314340220950032
-0.00544896837637583
-0.00544896837637583
-0.00544896837637583
-0.00544896837637583
-0.00544896837637583
-0.00544896837637583
-0.00544896837637583
-0.00544896837637583
-0.00544896837637583
-0.00544896837637583
-0.00544896837637583
-0.00544896837637583
-0.00544896837637583
-0.00544896837637583
0.004990374858605246
0.004990374858605246
0.004990374858605246
0.004990374858605246
0.004990374858605246
0.004990374858605246
0.004990374858605246
0.023353848535594336
0.023353848535594336
0.023353848535594336
0.023353848535594336
0.023353848535594336
0.023353848535594336
0.023353848535594336
0.023353848535594336
0.023353848535594336
0.023353848535594336
0.023353848535594336
0.023353848535594336
0.023353848535594336
0.023353848535594336
0.07269207910987516
0.07269207910987516
0.07269207910987516
0.07269207910987516
0.07269207910987516
0.07269207910987516
0.07269207910987516
0.07269207910987516
0.07269207910987516
0.07269207910987516
0.09279183847027586
0.09279183847027586
0.09279183847027586
0.1164723533768343
0.119687563602308
0.1513657947419416
0.1513657947419416
0.1513657947419416
0.28859443246096655
0.28859443246096655
0.36187870237221775
0.36187870237221775
0.36187870237221775
0.36187870237221775
0.36187870237221775
0.36187870237221775
0.37454317735156656
0.37454317735156656
0.37454317735156656
0.37454317735156656
0.37454317735156656
0.37454317735156656
0.37454317735156656
0.37454317735156656
0.37454317735156656
0.37454317735156656
0.37454317735156656
0.37454317735156656
0.37454317735156656
0.37454317735156656
0.37454317735156656
0.37454317735156656
0.3925527248798689
0.4676715396693411
0.4676715396693411
0.4764352751549304
0.6333190945211032
0.6333190945211032
0.6333190945211032
0.6333190945211032
0.6333190945211032
0.6333190945211032
0.6333190945211032
0.6333190945211032
0.6333190945211032
0.6333190945211032
0.6333190945211032
0.6333190945211032
0.6333190945211032
